# time  Id  from  to
109.0000 M38 5 4
182.0000 M48 17 16
222.0000 M208 19 10
223.0000 M60 8 7
397.0000 M29 0 1
407.0000 M257 19 18
421.0000 M236 14 13
444.0000 M376 3 2
466.0000 M42 14 13
483.0000 M180 1 2
514.0000 M205 16 15
595.0000 M458 1 2
622.0000 M97 16 15
650.0000 M335 9 0
653.0000 M166 2 3
684.0000 M234 9 8
763.0000 M440 13 12
775.0000 M252 2 1
792.0000 M723 5 4
798.0000 M252 2 1
816.0000 M674 11 10
855.0000 M576 16 15
877.0000 M674 11 10
949.0000 M799 18 17
1013.0000 M632 4 16
1271.0000 M771 16 15
1298.0000 M1204 4 5
1316.0000 M794 4 16
1336.0000 M1296 0 9
1344.0000 M1283 6 5
1379.0000 M953 3 2
1379.0000 M990 12 11
1419.0000 M1181 19 18
1484.0000 M1200 14 6
1497.0000 M1002 4 3
1515.0000 M1240 7 8
