title = MessageDelayReport# 横纵坐标标题 中间用=分开xlabel = MessageDelayylabel = CumulativeProbabilitybelow is the data# messageDelay  cumulativeProbability
2.0000 0.0078
3.0000 0.0155
4.0000 0.0233
4.0000 0.0310
4.0000 0.0388
6.0000 0.0465
13.0000 0.0543
23.0000 0.0620
25.0000 0.0698
33.0000 0.0775
33.0000 0.0853
33.0000 0.0930
34.0000 0.1008
35.0000 0.1085
35.0000 0.1163
36.0000 0.1240
36.0000 0.1318
40.0000 0.1395
42.0000 0.1473
43.0000 0.1550
49.0000 0.1628
58.0000 0.1705
60.0000 0.1783
64.0000 0.1860
66.0000 0.1938
77.0000 0.2016
91.0000 0.2093
96.0000 0.2171
98.0000 0.2248
100.0000 0.2326
101.0000 0.2403
